-1.26 21.27 4
7.96 -20.77 8
6.99 -9.96 8
-15.91 3.33 6
23.31 4.27 2
-14.09 7.91 6
21.36 5.29 2
-2.95 -21.07 1
-5.26 1.18 0
-5.48 8.08 0
11.22 16.92 7
3.01 -11.99 8
-2.41 -4.85 0
-23.26 -1.91 5
24.46 2.66 2
-1.40 -15.86 1
17.17 -2.39 3
5.62 -12.93 8
-2.85 -14.29 1
-13.77 8.85 6
6.44 19.48 4
0.03 -10.34 1
-8.09 -8.81 1
-19.19 -4.52 5
17.54 4.63 2
6.11 -5.46 3
21.33 8.11 2
4.78 -5.18 0
0.44 -7.38 0
-14.53 9.43 6
0.24 26.59 4
-13.63 7.37 6
-5.02 -3.60 0
-6.03 -11.22 1
18.01 3.47 2
-3.19 -9.59 1
6.13 15.90 4
-13.37 9.99 6
-0.02 -11.68 1
-20.74 12.82 6
-4.39 -10.77 1
25.05 0.77 2
2.82 -9.29 8
5.66 -10.37 8
-3.56 -18.92 1
-20.85 3.08 6
3.01 -11.39 8
1.64 -10.74 8
5.02 20.77 4
3.94 20.88 4
0.98 -6.80 0
6.27 -7.26 3
6.90 -13.32 8
1.67 -9.99 8
10.71 -9.21 3
10.32 13.99 7
3.25 -9.59 8
6.66 -11.72 8
22.43 10.56 2
-19.41 -8.14 5
-23.57 3.62 6
4.77 -11.74 8
-23.89 0.59 5
-21.56 -8.82 5
28.18 7.43 2
21.39 11.18 7
21.36 8.29 2
14.77 17.14 7
19.45 -4.41 3
-7.71 -19.19 1
7.91 -10.86 8
-6.15 -5.71 0
6.31 20.10 4
-18.42 11.80 6
-1.28 0.97 0
2.99 -9.24 8
2.75 -11.29 8
6.56 -13.93 8
-3.43 22.84 4
-1.26 23.80 4
0.19 -15.57 1
1.34 -19.62 8
21.70 7.18 2
-20.24 -5.36 5
-3.73 -2.33 0
7.50 -20.86 8
6.52 -3.71 3
18.20 -13.21 3
22.07 2.24 2
-24.10 -1.81 5
3.14 -14.10 8
-20.61 -14.86 5
-20.18 12.00 6
12.56 -20.24 8
-0.16 -17.46 1
20.14 -4.68 3
3.12 -10.38 8
22.57 0.69 2
-24.69 -5.22 5
19.92 -19.20 3
22.77 4.99 2
8.56 23.52 4
-0.01 -3.91 0
-14.34 -23.07 1
24.50 1.27 2
-16.44 11.55 6
18.07 -1.41 3
-0.79 -9.23 1
3.68 -11.34 8
0.86 -7.07 0
16.83 -1.39 3
18.75 2.69 2
2.37 -17.66 8
-2.00 -10.53 1
3.61 -11.31 8
2.84 -7.49 0
-4.98 -4.54 0
-3.19 -16.20 1
0.29 -15.95 1
-11.93 11.52 6
-3.32 -3.67 0
16.71 -12.12 3
0.05 -18.77 1
-3.65 -14.98 1
24.51 1.22 2
-16.19 -0.52 5
7.65 21.09 4
1.77 -10.77 8
-15.35 13.88 6
4.32 -15.59 8
2.02 24.14 4
-3.91 3.83 0
-8.44 -7.62 5
-19.63 -12.00 5
18.42 -14.95 3
-0.99 -13.18 1
14.56 17.15 7
1.07 -17.98 8
1.21 -5.26 0
-18.30 14.03 6
3.56 21.53 4
2.80 -7.27 0
-10.03 -11.59 1
-26.95 0.82 5
22.42 -10.87 3
-4.35 -17.56 1
18.01 10.40 7
4.87 -20.40 8
4.21 -0.22 0
-18.43 11.88 6
8.08 22.28 4
-2.23 -2.52 0
-12.03 -14.19 1
-16.93 -8.00 5
19.64 -12.42 3
6.28 -2.24 0
20.02 6.83 2
3.86 -19.63 8
7.17 -12.27 8
-16.20 11.62 6
6.02 20.84 4
-12.96 8.28 6
1.56 -15.38 8
5.05 -10.99 8
18.20 15.43 7
2.42 -10.29 8
4.29 22.58 4
-14.51 12.32 6
3.65 -6.80 0
-16.94 12.66 6
4.05 -12.54 8
25.34 -12.59 3
-2.31 -3.41 0
0.13 -20.01 1
-2.23 -19.54 1
-21.54 -8.63 5
-2.48 -9.62 1
-1.92 3.65 0
2.81 24.27 4
10.78 16.17 7
-9.58 -9.77 5
-9.73 -12.54 1
0.77 -22.19 8
-5.09 -0.97 0
0.24 -4.68 0
10.66 21.46 7
2.07 -7.39 0
-3.24 -8.90 1
15.70 13.27 7
-26.07 3.51 6
-19.14 -2.19 5
8.92 -21.08 8
-21.88 2.28 6
-23.03 -2.41 5
20.38 -10.45 3
23.70 5.47 2
18.44 13.38 7
18.90 16.66 7
21.10 -12.78 3
-10.30 10.45 6
7.21 -9.87 8
-0.14 -12.38 1
5.71 24.43 4
-14.94 5.34 6
2.90 -4.03 0
-8.98 -12.28 1
-0.08 -14.78 1
-5.40 -12.56 1
14.80 16.28 7
11.31 20.64 7
1.44 -5.46 0
1.13 -23.62 8
17.33 15.88 7
-20.45 -6.70 5
-5.26 -9.30 1
1.08 -10.68 1
5.72 -19.76 8
-18.30 -9.53 5
-1.63 -0.24 0
-19.84 -8.78 5
-14.05 5.21 6
7.58 -10.89 8
-1.65 -21.76 1
19.47 2.26 2
1.79 2.97 0
26.25 -11.81 3
-17.85 -9.14 5
3.92 -11.01 8
24.85 -13.10 3
0.14 25.08 4
-0.30 -11.02 1
-13.52 -9.03 5
17.48 13.75 7
-13.94 9.54 6
9.93 21.58 4
9.53 -9.76 3
-0.20 -20.88 1
7.70 -8.71 3
20.80 -12.87 3
22.26 -15.99 3
5.52 -20.47 8
1.49 1.40 0
5.42 -15.77 8
-1.32 -0.53 0
-4.27 -12.12 1
4.46 -11.03 8
3.17 -12.79 8
17.55 -8.22 3
1.36 -7.55 0
-0.37 -8.03 0
22.70 -13.28 3
-8.97 12.69 6
7.96 23.21 4
-1.76 -2.88 0
-4.06 8.40 0
5.27 -5.36 0
5.65 18.79 4
10.85 -21.26 8
-10.63 -4.29 5
-19.47 3.34 6
20.92 -1.59 2
-11.58 11.23 6
14.57 15.62 7
-5.70 -22.35 1
-6.67 1.70 0
-7.94 -8.73 1
3.15 20.83 4
8.77 -18.58 8
-10.76 -6.62 5
-15.67 -1.23 5
26.45 -3.94 2
-6.21 -17.51 1
18.38 15.16 7
1.07 -17.77 8
1.75 -9.22 8
-4.31 -17.07 1
0.65 20.82 4
13.43 -18.02 8
-13.27 -5.22 5
-22.50 0.82 5
23.40 -1.02 2
-8.89 1.57 0
14.97 15.32 7
7.50 -14.39 8
7.06 -7.67 3
-23.42 8.73 6
5.82 18.50 4
-17.35 10.65 6
-7.50 5.15 0
-7.04 12.80 6
17.76 10.05 7
-8.55 14.44 6
-3.16 18.97 4
-15.14 6.69 6
-2.65 -1.77 0
-16.04 13.87 6
-1.09 -1.75 0
27.57 4.13 2
14.17 -18.81 8
-4.23 -17.73 1
1.35 -13.72 8
-20.54 0.04 5
-7.08 1.42 0
9.72 -16.84 8
3.66 20.54 4
-0.62 24.85 4
-12.37 -1.53 5
-10.07 -5.36 5
-5.25 -19.55 1
-8.13 4.39 0
-13.28 -8.86 5
1.11 21.34 4
5.59 -11.56 8
-12.36 -3.60 5
5.50 13.62 4
-16.32 -3.37 5
-20.75 -1.93 5
1.89 -16.65 8
-25.42 0.55 5
-20.43 -1.71 5
28.89 2.74 2
14.12 16.93 7
14.67 14.97 7
19.18 11.19 7
25.97 2.57 2
-3.23 -11.35 1
11.39 -20.41 8
5.33 1.09 0
1.98 20.73 4
-6.92 -13.63 1
-5.50 2.77 0
-15.54 -7.83 5
-4.80 4.52 0
-15.04 -3.74 5
3.44 24.58 4
0.52 18.00 4
8.28 -25.34 8
2.64 -14.25 8
20.56 5.27 2
-20.47 -0.58 5
-16.02 -6.29 5
6.88 -20.62 8
0.96 -14.20 1
26.41 -4.16 2
13.96 16.81 7
-25.22 -2.73 5
10.93 -23.10 8
-15.98 -2.73 5
-7.23 -6.07 0
10.13 -20.74 8
-1.98 -17.41 1
17.35 11.24 7
1.94 -4.45 0
30.40 7.81 2
-10.43 1.05 5
3.47 -25.26 8
20.69 -6.39 3
1.19 20.31 4
-10.21 11.64 6
-22.37 3.87 6
17.11 17.60 7
-7.89 -13.31 1
14.96 15.66 7
15.21 -12.60 3
4.37 -17.02 8
-7.86 -1.30 0
29.47 9.38 2
28.10 -0.71 2
0.15 -16.00 1
-13.71 -5.06 5
-7.03 1.15 0
-11.44 -6.76 5
-12.94 -11.10 5
-13.46 11.42 6
5.18 -11.91 8
0.81 -0.98 0
-2.19 -13.94 1
28.85 1.68 2
-6.87 8.28 6
-4.93 1.73 0
26.84 -1.23 2
2.29 7.59 0
2.48 24.06 4
3.42 -11.96 8
-0.10 -8.26 0
-23.69 -1.83 5
-5.28 25.00 4
-6.06 2.43 0
-7.64 -11.21 1
-21.29 1.75 5
17.78 -3.77 3
-10.19 -2.93 5
20.82 10.95 7
2.55 -8.56 8
0.14 -1.07 0
-19.39 9.70 6
-0.79 24.95 4
2.51 -10.46 8
-7.15 -1.89 0
-17.38 8.31 6
21.99 -9.72 3
-1.52 -8.06 0
14.06 8.07 7
3.38 -5.47 0
-3.76 -8.22 0
-13.67 11.03 6
4.54 24.04 4
4.50 -8.46 8
-6.07 -5.92 0
-9.30 13.63 6
22.10 -8.12 3
-0.43 -5.94 0
16.16 10.17 7
6.25 -4.70 3
5.09 6.87 0
-14.63 11.36 6
7.51 16.99 4
-10.66 10.80 6
-15.22 1.13 5
-3.45 0.50 0
10.03 11.12 7
-12.27 5.25 6
-2.66 22.56 4
-13.24 10.23 6
-4.83 1.53 0
-20.69 11.77 6
-5.49 -1.86 0
19.18 -6.37 3
-1.31 -3.42 0
7.20 -1.92 3
-4.35 -16.60 1
-20.67 6.62 6
-1.57 -4.43 0
1.51 -7.79 0
2.81 26.52 4
5.37 21.46 4
-10.40 -6.22 5
-11.65 -8.53 5
2.53 -7.11 0
-7.02 2.62 0
-12.46 -5.14 5
-5.40 26.16 4
-0.25 -3.36 0
-11.76 -1.97 5
11.16 7.33 7
-14.19 4.55 6
-11.39 9.72 6
6.18 -0.64 0
-13.91 9.68 6
-12.83 9.18 6
22.58 -4.81 3
19.40 12.78 7
16.82 8.04 7
17.60 11.91 7
20.22 -6.14 3
-21.10 10.88 6
-0.47 -8.07 0
-5.33 6.14 0
2.17 18.85 4
-11.95 7.04 6
-5.79 0.20 0
-5.58 -9.90 1
-6.84 -3.52 0
-9.01 -8.39 5
-0.90 23.85 4
0.09 27.08 4
6.42 -12.74 8
8.84 0.69 3
21.07 9.40 2
-13.56 8.27 6
-6.03 -2.88 0
12.66 -12.08 3
-5.28 -14.13 1
17.35 1.06 3
13.59 10.93 7
-12.82 8.03 6
-0.34 -10.61 1
-15.96 3.85 6
-11.81 8.90 6
1.41 -11.22 8
-1.55 -2.29 0
12.78 13.26 7
-2.30 9.16 0
21.29 -4.47 3
-15.18 3.44 6
1.32 -5.85 0
20.79 -7.14 3
2.86 22.43 4
-7.05 -3.15 0
-12.04 6.38 6
20.86 11.23 7
-6.60 10.80 6
21.14 -3.91 3
2.27 -3.64 0
4.83 -6.23 0
-5.03 -2.07 0
14.94 -3.37 3
21.58 -4.09 3
2.87 -2.32 0
-6.51 -4.13 0
-1.48 8.15 0
-11.14 -6.83 5
3.07 -9.82 8
0.50 -9.89 1
-1.39 -11.22 1
-11.08 13.29 6
8.45 -1.39 3
20.32 -1.85 3
-2.53 -4.04 0
0.60 -9.41 1
19.01 -9.50 3
-12.84 9.46 6
0.61 22.33 4
-5.93 8.75 0
-14.73 12.65 6
-7.94 -2.25 0
-3.52 24.01 4
-0.88 -5.65 0
-3.12 -3.82 0
-13.99 13.46 6
19.37 -6.43 3
-1.96 6.28 0
14.00 12.26 7
-5.83 -18.47 1
3.55 -7.98 8
-7.95 9.95 6
0.13 21.95 4
-0.22 -4.00 0
-5.14 -7.46 0
-19.23 6.43 6
11.84 -7.64 3
-10.00 14.46 6
12.62 14.61 7
-7.22 -22.23 1
3.84 -2.86 0
-8.67 14.06 6
-6.47 18.30 4
1.62 -6.45 0
-8.19 -3.00 0
-12.07 2.28 5
22.32 -1.33 2
-13.65 10.91 6
13.10 17.26 7
-2.46 -16.00 1
-3.83 -2.18 0
-13.67 9.33 6
0.21 22.18 4
-6.09 -4.82 0
-11.89 2.32 5
-11.30 14.41 6
14.08 11.73 7
-11.53 11.77 6
-6.24 23.16 4
-19.45 12.57 6
6.02 -1.62 0
-8.38 6.20 6
0.33 -5.75 0
19.17 -2.81 3
7.42 -3.64 3
3.77 -16.61 8
-4.31 -20.19 1
-17.91 5.68 6
-13.31 12.16 6
11.96 -2.82 3
-2.51 24.69 4
-4.97 29.19 4
-10.33 -8.23 5
-4.99 -5.28 0
-5.74 -16.64 1
3.22 0.23 0
-12.71 -5.46 5
3.65 21.21 4
9.68 -2.93 3
-6.29 -5.75 0
12.96 8.22 7
-15.10 7.96 6
-19.61 10.28 6
-1.39 -19.31 1
-10.96 7.78 6
-11.77 6.72 6
24.74 -2.54 2
12.77 15.17 7
18.36 12.40 7
12.48 16.08 7
14.67 -9.16 3
-14.00 13.98 6
12.10 -1.10 3
-8.41 7.44 6
1.72 18.90 4
-19.14 10.21 6
-7.97 13.55 6
-10.53 -4.20 5
1.05 -1.18 0
-12.95 -2.86 5
-8.63 18.05 4
-1.73 20.17 4
8.26 -5.30 3
-5.48 -20.93 1
14.41 12.42 7
-14.22 5.80 6
-3.24 -0.15 0
4.97 -4.73 0
-2.09 -20.90 1
16.85 -6.48 3
17.71 6.11 2
-9.38 1.22 0
8.95 -1.76 3
-8.25 4.52 0
-10.22 14.70 6
0.43 -9.30 1
2.68 -19.36 8
16.35 14.41 7
2.34 -6.22 0
18.55 -2.04 3
-19.46 4.32 6
7.91 -11.54 8
19.83 -3.56 3
-8.72 19.22 4
-11.48 17.15 6
-16.96 6.48 6
17.49 12.61 7
-9.19 11.31 6
14.50 13.93 7
-0.20 -6.26 0
-4.63 -20.41 1
-10.62 6.57 6
15.66 0.24 3
24.39 -0.83 2
-2.96 -17.47 1
-7.64 -8.76 1
6.52 -2.38 0
-18.97 -9.24 5
-7.41 -5.11 0
-1.82 2.55 0
-6.38 -22.22 1
-20.82 12.35 6
-12.22 13.23 6
12.41 -6.25 3
2.10 -1.55 0
3.65 -10.38 8
15.06 -4.33 3
-18.44 16.36 6
-2.94 24.66 4
2.43 -6.71 0
-13.79 11.45 6
5.72 -6.56 3
3.12 23.42 4
10.30 -26.09 8
-11.27 -5.61 5
-15.87 -1.45 5
23.26 -10.44 3
4.45 1.62 0
16.79 12.71 7
-1.58 -17.67 1
-5.90 1.22 0
2.37 2.54 0
-0.91 11.52 4
13.70 -16.00 8
-10.57 -2.93 5
-18.63 7.78 6
27.16 -9.28 3
2.48 0.26 0
19.30 13.88 7
2.13 -18.91 8
-1.26 3.81 0
7.59 1.64 0
7.55 21.13 4
18.14 -11.14 3
-14.47 -2.79 5
-14.60 -3.25 5
17.06 -3.71 3
0.78 -2.68 0
17.32 13.77 7
4.02 -12.87 8
-3.24 3.49 0
1.74 7.27 0
4.94 19.35 4
10.32 3.06 3
18.23 3.16 2
6.30 -13.63 8
20.27 18.19 7
8.41 -8.10 3
-0.06 25.01 4
0.99 -4.46 0
-3.63 -2.53 0
8.48 1.29 3
-3.68 0.10 0
18.36 -10.62 3
10.25 -22.21 8
14.61 -7.23 3
7.98 -8.37 3
-11.73 6.72 6
4.42 -9.68 8
10.37 -19.54 8
7.69 22.41 4
-0.04 13.20 4
-15.09 -5.90 5
-10.97 -8.20 5
4.13 -16.21 8
-0.53 -6.23 0
-10.10 -8.45 5
14.57 9.41 7
0.57 -24.21 8
-9.73 -3.09 5
11.86 18.12 7
-24.38 6.56 6
-21.92 -0.10 5
0.56 -17.04 1
-24.34 6.38 6
-23.38 -4.10 5
15.73 -5.91 3
15.43 14.77 7
17.54 8.71 7
15.20 15.79 7
22.36 -6.70 3
5.30 -0.30 0
15.15 -14.17 3
9.72 6.00 7
8.41 20.05 4
5.22 -3.09 0
11.51 1.84 3
-13.59 -9.86 5
-3.39 1.78 0
-6.13 -5.60 0
5.75 17.81 4
3.88 23.17 4
0.66 -26.31 8
3.78 -13.54 8
17.95 15.65 7
-20.92 2.18 6
-9.76 1.37 0
8.04 -14.94 8
9.78 -9.91 3
25.19 -6.75 3
19.94 8.79 7
-21.28 4.76 6
9.89 -16.90 8
-5.16 -3.67 0
1.04 2.56 0
13.84 -18.48 8
7.72 -14.60 8
15.20 16.86 7
0.35 -8.66 0
19.53 -5.60 3
-9.66 -0.17 0
14.80 -17.53 8
7.76 -11.81 8
4.22 22.60 4
-3.65 6.84 0
-16.82 -8.99 5
23.09 10.53 2
9.84 -2.77 3
18.23 8.14 7
10.74 -22.24 8
5.71 -12.49 8
0.98 -11.11 1
14.95 -0.67 3
16.00 -9.87 3
12.70 -8.23 3
-13.84 -9.82 5
10.13 -9.45 3
-13.32 -7.43 5
-12.40 -8.59 5
7.86 -8.36 3
-2.39 -19.88 1
9.21 -0.35 3
3.85 -0.18 0
23.41 2.57 2
-2.68 4.84 0
7.23 -4.73 3
13.81 -11.33 3
1.62 3.61 0
3.37 17.29 4
-1.00 4.70 0
8.34 -11.09 8
3.55 -3.61 0
-3.26 19.71 4
2.51 -26.79 8
-11.55 -8.67 5
-5.39 2.00 0
28.22 3.12 2
-3.82 -19.82 1
9.08 21.02 4
-2.34 -16.21 1
4.30 0.97 0
-19.50 13.92 6
-4.09 26.52 4
-2.51 -20.44 1
-13.54 -9.74 5
-21.08 -1.63 5
29.81 -4.17 2
-1.47 -8.18 0
8.06 19.79 4
-2.89 -21.30 1
8.31 -3.83 3
-8.89 14.90 6
4.27 18.07 4
4.19 -26.28 8
-9.86 -4.88 5
-22.17 1.73 5
25.74 2.47 2
-1.35 -10.51 1
14.57 11.39 7
-6.83 -22.78 1
10.32 -8.00 3
-11.34 13.61 6
3.93 25.28 4
-16.51 15.52 6
-7.81 -21.75 1
8.23 -12.30 8
11.17 18.49 7
-4.47 -21.52 1
3.57 23.55 4
-11.05 9.12 6
-5.76 1.44 0
-17.70 14.58 6
-5.56 3.31 0
28.95 3.14 2
12.40 -9.47 3
-8.15 -18.07 1
-3.14 -17.06 1
-20.49 0.23 5
-1.30 -16.42 1
7.54 -18.94 8
1.80 17.80 4
5.36 17.28 4
-12.58 -11.88 5
-0.17 5.95 0
2.80 -16.46 8
0.98 5.02 0
-9.38 -6.72 5
3.66 21.72 4
-0.03 -3.03 0
-7.42 -8.84 1
20.48 6.27 2
-13.84 -6.59 5
-12.34 -5.80 5
-7.40 -20.61 1
-18.69 -1.55 5
-16.32 -7.04 5
26.98 -0.91 2
19.68 12.76 7
13.87 15.07 7
11.25 17.27 7
28.86 -0.72 2
-16.60 16.67 6
0.84 -21.51 8
-2.99 -13.49 1
6.74 22.41 4
-12.51 11.08 6
-3.72 -17.09 1
-3.79 -3.84 0
-6.12 -6.86 0
-3.17 -1.97 0
11.65 13.13 7
-5.14 21.25 4
11.01 -12.80 8
-5.25 -18.70 1
19.00 18.40 7
-21.41 -0.47 5
-11.79 -12.31 5
9.33 -19.70 8
0.80 -17.36 1
25.29 13.65 2
11.08 17.44 7
-19.18 -0.90 5
10.33 -25.30 8
-21.47 1.23 5
-12.61 8.24 6
9.01 -22.51 8
-1.20 -21.26 1
13.28 17.03 7
2.00 -3.66 0
25.41 2.35 2
-13.95 1.64 5
5.72 -26.03 8
25.68 4.37 2
-2.87 22.76 4
-4.25 -14.61 1
-17.43 -1.72 5
18.84 2.37 2
-16.93 12.73 6
17.41 16.20 7
6.22 -26.12 8
-0.01 -18.59 1
1.67 -12.00 8
27.27 -0.56 2
28.76 -0.36 2
-2.31 -19.24 1
-4.09 -2.76 0
-1.59 -5.49 0
-7.39 -6.96 0
-13.43 -5.30 5
-9.30 -15.06 1
-7.84 -20.16 1
-14.80 13.82 6
-2.11 -12.94 1
29.56 3.93 2
-1.72 -3.54 0
0.15 7.71 0
26.43 9.50 2
-11.47 16.04 6
6.79 20.92 4
1.04 -4.35 0
-20.86 12.02 6
10.42 -6.83 3
2.91 -5.78 0
-12.27 -11.28 5
-19.26 9.03 6
28.23 9.63 2
-9.45 3.47 0
12.53 17.75 7
5.18 -8.55 8
-8.95 5.01 0
-19.55 10.89 6
-3.64 24.95 4
-1.88 -7.00 0
-7.05 1.10 0
-17.97 7.82 6
28.76 6.93 2
-13.14 13.58 6
15.77 17.16 7
-3.11 -13.93 1
-9.53 0.88 0
-20.11 13.93 6
-4.44 22.74 4
7.75 -5.24 3
-15.94 -11.07 5
-20.21 6.10 6
20.43 5.51 2
-13.17 13.61 6
10.33 15.98 7
0.34 -13.09 1
-7.20 3.90 0
-21.80 8.93 6
0.68 24.47 4
-24.95 13.18 6
-15.07 16.85 6
-13.83 12.69 6
15.31 16.46 7
-15.87 14.99 6
-6.44 22.79 4
-17.73 14.97 6
-11.40 5.16 6
-21.22 14.26 6
-6.50 -1.72 0
22.70 3.64 2
-7.89 0.97 0
3.52 -14.78 8
2.81 -12.75 8
-14.38 6.48 6
-14.67 17.85 6
-5.20 2.49 0
-14.02 -13.63 5
2.41 -12.67 8
-11.54 3.84 6
-13.13 -6.00 5
-4.59 22.96 4
-0.29 -0.10 0
-11.25 -10.81 5
9.67 17.12 7
-20.08 4.54 6
-19.65 8.10 6
0.56 -14.03 1
-13.93 10.81 6
-17.07 12.49 6
16.78 6.69 7
17.43 16.01 7
14.01 15.70 7
13.24 15.12 7
19.89 -0.14 2
-18.31 10.68 6
-5.08 -3.49 0
-14.36 11.31 6
-10.30 24.08 4
-21.04 10.02 6
-14.88 14.46 6
-16.30 -3.59 5
-8.74 6.15 6
-12.13 -10.50 5
-6.99 19.82 4
-7.19 23.95 4
-2.52 -2.36 0
-2.56 -17.74 1
10.64 16.60 7
-7.91 14.16 6
-11.97 -11.25 5
3.78 -4.56 0
21.65 14.01 7
19.93 8.22 2
-21.63 8.55 6
-1.97 -5.46 0
-12.77 10.26 6
-13.75 14.18 6
-2.20 -5.85 0
5.36 -14.12 8
16.56 11.85 7
-6.43 4.91 0
13.68 6.69 7
-17.16 4.15 6
-3.93 -1.43 0
22.45 -1.48 2
-4.14 23.01 4
-12.30 3.68 6
-17.41 12.17 6
15.68 16.12 7
-22.69 14.44 6
15.91 16.55 7
-0.37 -0.90 0
3.26 -12.34 8
-13.79 16.49 6
27.24 3.14 2
20.53 4.85 2
-1.45 -14.99 1
-12.20 -5.97 5
-7.81 7.41 6
-11.21 -7.31 5
-13.64 -11.25 5
-12.59 18.63 6
1.29 -14.24 8
-17.65 16.20 6
-16.83 12.77 6
13.62 -3.89 3
24.45 -2.85 2
-10.83 7.10 6
-12.36 20.10 6
-9.11 0.97 0
-21.18 10.51 6
-11.76 4.73 6
1.01 21.12 4
6.54 -15.94 8
-11.53 -4.25 5
-23.14 5.44 6
17.00 -1.86 3
1.74 -12.01 8
12.79 16.64 7
-5.36 -18.29 1
1.53 -3.92 0
-12.88 -0.96 5
3.76 26.31 4
8.85 -17.00 8
-8.67 -7.68 5
-23.39 5.35 6
14.49 1.05 3
-4.62 -10.56 1
11.12 19.38 7
-0.04 -16.00 1
-11.21 -15.33 1
-10.90 7.63 6
2.14 22.90 4
8.69 -24.76 8
-15.19 -3.07 5
-24.58 3.21 6
21.26 1.02 2
-4.03 6.21 0
17.20 12.43 7
-1.26 -14.46 1
-8.31 0.71 0
-12.30 7.38 6
-2.84 23.97 4
-7.92 -0.14 0
3.38 -4.79 0
1.26 -7.67 0
18.89 6.02 2
9.15 -10.92 8
7.12 25.65 4
-13.06 6.92 6
-4.52 -0.58 0
-8.56 4.91 0
-3.84 -6.49 0
16.47 6.66 7
9.16 -19.76 8
-4.96 -15.27 1
-3.03 -14.76 1
-24.18 2.59 6
-6.65 -1.00 0
12.57 -22.27 8
4.71 18.38 4
0.30 20.04 4
-5.55 -15.18 1
-9.45 -17.40 1
-15.50 -7.96 5
-5.09 27.38 4
17.16 -11.66 3
-14.28 -5.14 5
16.59 7.09 7
-31.17 8.26 6
-28.40 3.18 6
-3.81 -19.75 1
-28.86 7.51 6
-28.83 4.41 6
18.10 0.15 3
15.34 12.44 7
17.28 8.04 7
19.79 11.14 7
5.11 -7.81 8
-9.67 10.37 6
6.92 -25.26 8
3.77 0.82 0
-3.31 22.17 4
-11.30 -4.46 5
2.40 -12.64 8
-13.00 -3.62 5
-10.21 -2.42 5
-19.14 -0.76 5
1.40 28.03 4
-0.68 30.09 4
13.17 -19.23 8
-4.51 -15.94 1
23.70 7.62 2
-24.80 4.77 6
-16.82 -7.66 5
5.20 -23.77 8
2.30 -15.31 8
17.34 -1.49 3
17.75 12.01 7
-27.88 4.25 6
1.25 -22.28 8
-3.20 -13.08 1
-7.75 4.83 0
7.97 -23.31 8
1.46 -15.79 8
13.63 12.12 7
-6.42 -3.77 0
20.19 -6.29 3
-27.08 6.02 6
14.42 -15.64 8
23.32 2.90 2
-0.76 21.87 4
1.39 -2.26 0
-27.48 4.68 6
19.40 7.99 2
-19.52 9.34 6
15.09 15.89 7
11.64 -21.65 8
-7.74 -19.55 1
3.38 11.43 4
26.04 9.18 2
14.35 3.20 3
-2.18 -14.92 1
-15.26 -6.46 5
-5.16 -9.98 1
-6.05 -9.69 1
-9.12 -3.96 5
1.99 -9.50 8
-7.42 -18.12 1
-17.13 0.71 5
9.32 2.57 3
23.77 3.23 2
-5.99 -5.45 0
-8.51 -5.28 5
17.58 -7.21 3
-2.29 2.42 0
-0.36 26.17 4
-0.40 -11.84 1
-17.40 -1.22 5
-4.34 -7.00 0
0.40 22.69 4
5.72 -14.60 8
-12.20 -6.62 5
-26.15 6.18 6
26.76 1.87 2
-0.82 14.20 4
5.38 19.60 4
-7.03 -18.98 1
-12.04 2.34 5
-14.58 16.42 6
2.31 18.23 4
6.18 -10.94 8
-16.44 -12.44 5
-25.34 1.86 6
27.29 9.04 2
-5.58 11.01 6
17.91 13.46 7
-1.41 -17.03 1
0.03 -8.90 1
-17.07 10.18 6
2.35 17.62 4
8.38 -15.60 8
-18.05 -13.39 5
-25.85 10.81 6
21.02 1.03 2
-3.93 -10.72 1
17.81 12.42 7
-0.57 -15.91 1
-3.24 -16.09 1
-6.54 12.62 6
-0.97 12.17 4
-18.01 13.72 6
-6.58 4.87 0
-9.23 -10.31 1
17.50 12.58 7
-6.02 -17.39 1
2.97 22.71 4
-16.43 12.22 6
-4.38 -7.94 0
-17.98 11.48 6
-3.16 -10.30 1
27.99 10.21 2
5.35 -22.43 8
-5.91 -16.71 1
-6.03 -20.01 1
-11.49 -26.05 1
8.15 8.70 7
4.91 -16.66 8
-0.77 22.86 4
-0.33 19.39 4
-18.83 -11.24 5
-15.36 -11.00 5
-1.76 -20.59 1
-2.29 -13.51 1
-12.98 -7.26 5
0.52 16.57 4
6.96 -26.44 8
-18.88 -9.17 5
13.79 14.10 7
-26.49 12.19 6
-23.85 -5.61 5
-4.32 -19.02 1
-23.41 -2.77 5
-28.39 6.51 6
26.16 12.67 2
15.60 11.47 7
19.02 12.04 7
19.40 10.94 7
27.36 3.80 2
-17.22 11.30 6
10.00 -17.35 8
8.04 -7.08 3
2.74 13.72 4
-14.43 8.56 6
-6.23 7.74 0
-19.87 -11.64 5
-8.88 -16.23 1
-17.09 -9.14 5
-3.81 11.78 4
-3.45 17.16 4
5.50 -26.84 8
-7.95 -17.07 1
13.51 12.77 7
-23.65 -10.92 5
-19.76 -7.33 5
0.12 -20.34 1
-2.66 -17.00 1
28.98 1.21 2
15.26 11.10 7
-22.98 -1.35 5
10.77 -22.54 8
-22.00 -0.21 5
-19.44 11.25 6
12.42 -19.36 8
-2.24 -18.72 1
17.18 9.56 7
-10.51 -14.78 1
27.80 6.52 2
-23.19 0.95 5
14.62 -7.85 3
29.52 6.81 2
2.57 19.23 4
-3.36 -9.67 1
-23.28 -12.89 5
15.40 13.87 7
-22.32 10.99 6
16.52 11.60 7
13.48 -3.44 3
-8.87 -17.09 1
-0.54 -8.27 0
23.89 6.14 2
29.98 8.01 2
-0.76 -18.78 1
-9.15 -0.40 0
-1.35 -5.60 0
-15.79 -6.11 5
-21.91 -10.79 5
4.83 -1.62 0
-7.52 -21.25 1
-18.63 7.69 6
-3.59 -9.02 1
28.12 9.99 2
1.00 -17.33 8
-4.19 -12.91 1
16.37 1.76 3
-23.35 13.53 6
-2.60 7.39 0
-5.25 -17.64 1
-12.11 8.86 6
-4.56 -13.07 1
3.13 24.09 4
-1.69 1.99 0
-10.98 -5.38 5
-30.26 0.15 5
23.46 11.09 2
-9.57 16.11 6
9.36 0.90 3
-4.62 -18.50 1
2.73 -10.01 8
-20.59 13.90 6
8.28 24.39 4
6.71 -17.12 8
-8.55 0.14 0
-25.85 5.91 6
20.53 17.86 7
-12.56 6.13 6
10.84 2.77 3
-8.85 -17.23 1
1.67 -13.35 8
-21.33 11.62 6
5.24 27.91 4
-2.59 7.19 0
-10.11 -5.57 5
-21.23 6.16 6
18.37 7.27 7
2.01 4.56 0
10.99 8.74 7
-12.69 -18.40 1
2.82 -13.78 8
-20.16 13.43 6
-2.77 28.99 4
-19.35 13.02 6
-4.96 5.04 0
1.33 4.05 0
11.99 8.99 7
-6.08 -4.37 0
9.34 13.65 7
-14.12 11.25 6
-1.52 -14.96 1
-11.74 11.06 6
2.82 -14.03 8
24.55 12.46 2
10.28 -23.55 8
-9.12 -13.02 1
-12.69 -16.02 1
-26.63 4.97 6
-4.09 6.49 0
5.68 -26.88 8
6.45 26.14 4
6.50 25.29 4
-17.76 -0.41 5
-15.16 8.48 6
-10.05 -19.16 1
-0.75 -13.32 1
-12.35 0.92 5
-0.65 24.62 4
1.98 1.71 0
-15.17 1.68 5
16.85 11.89 7
-18.12 -2.92 5
-24.28 6.21 6
-6.33 -19.13 1
-25.50 9.14 6
-28.37 12.04 6
23.41 10.74 2
13.10 11.17 7
13.69 11.25 7
14.91 11.22 7
29.48 6.67 2
-14.78 10.94 6
4.11 -24.45 8
-0.41 13.56 4
5.01 20.33 4
-19.40 13.32 6
8.89 7.57 7
-17.65 -7.71 5
3.03 -6.70 0
-12.68 10.82 6
-1.42 22.16 4
-0.91 22.74 4
4.37 -7.78 8
-8.38 -20.51 1
13.84 4.31 7
-25.11 2.19 6
-10.27 -5.22 5
1.41 -19.97 8
-1.48 -18.48 1
24.75 10.31 2
16.70 4.73 2
-21.81 -8.95 5
2.58 -25.34 8
-23.67 3.35 6
-19.65 13.87 6
7.69 -23.18 8
0.03 -15.41 1
11.78 1.81 3
-6.69 -16.44 1
21.00 13.26 7
-22.60 9.35 6
10.78 -21.91 8
28.84 2.01 2
5.20 26.77 4
10.49 -3.53 3
-26.40 1.39 5
11.43 7.66 7
-18.10 10.85 6
10.42 14.49 7
11.17 -17.89 8
-2.78 -17.48 1
-1.91 -7.30 0
25.20 11.24 2
26.46 11.21 2
0.68 -15.00 1
-13.68 5.59 6
-7.86 -12.76 1
-14.10 -2.61 5
-14.63 -2.81 5
-1.02 13.60 4
-6.66 -18.24 1
-18.88 7.51 6
-11.39 -2.44 5
25.37 9.05 2
4.92 -18.10 8
3.67 -10.91 8
28.63 9.73 2
-10.09 10.81 6
9.25 16.64 7
-3.45 -11.68 1
-7.30 19.96 4
-4.90 -1.39 0
-9.77 -4.82 5
-17.70 5.22 6
18.09 -2.96 3
-12.53 7.07 6
11.70 18.57 7
5.86 -10.89 8
-12.49 4.09 6
-21.45 10.39 6
-3.65 19.20 4
-5.53 4.69 0
-6.51 -4.70 0
-21.39 7.40 6
25.79 -0.54 2
-13.06 12.90 6
9.79 19.85 7
1.69 -10.39 8
-8.00 -0.23 0
-22.96 10.75 6
-1.40 18.15 4
-3.12 -0.83 0
-13.31 -7.33 5
-18.58 1.02 5
25.03 -3.71 2
-8.58 15.24 6
11.26 19.75 7
2.47 -12.90 8
-8.45 0.66 0
-22.17 10.81 6
-0.57 20.74 4
-24.54 13.51 6
-13.94 13.53 6
-13.90 11.85 6
13.18 15.77 7
-8.07 12.23 6
-1.80 21.57 4
-20.60 11.82 6
-4.08 4.62 0
-22.38 13.24 6
-7.09 2.58 0
26.69 0.67 2
-5.13 10.35 6
-3.03 -14.84 1
5.51 -9.54 8
-21.46 3.32 6
-16.68 14.04 6
-6.80 10.71 6
-1.69 22.72 4
-3.80 20.32 4
-15.39 -12.41 5
-12.89 -8.24 5
6.31 -11.25 8
4.22 5.10 0
-13.47 -9.54 5
-5.30 28.62 4
-7.62 10.50 6
-11.38 -11.10 5
10.54 24.78 4
-18.39 3.11 6
-20.05 6.60 6
-0.87 -16.79 1
-23.22 5.12 6
-27.88 5.62 6
23.64 -2.23 2
16.24 16.12 7
10.62 20.21 7
17.13 15.54 7
25.74 -2.53 2
-21.73 13.25 6
-7.34 10.46 6
-6.40 11.72 6
-5.74 24.32 4
-24.93 11.08 6
-3.84 11.02 4
-11.62 -10.73 5
-7.09 0.17 0
-14.39 -9.69 5
-6.61 26.98 4
-0.99 20.70 4
-7.72 14.10 6
-4.61 -11.19 1
14.46 20.70 7
-20.51 3.26 6
-6.52 -1.13 0
-8.57 -0.26 0
-1.50 -13.59 1
26.75 0.98 2
14.13 17.98 7
-22.02 1.00 5
-2.98 0.18 0
-21.33 6.35 6
-19.08 13.22 6
-7.35 6.21 0
-2.35 -11.73 1
14.67 18.66 7
-5.71 -0.94 0
25.10 -4.11 2
-19.42 7.94 6
-5.26 14.22 4
24.41 -4.99 2
-2.48 22.92 4
-14.62 10.85 6
-21.72 0.53 5
17.03 17.17 7
-24.31 10.63 6
18.41 13.48 7
-7.61 4.41 0
1.72 -8.33 0
-14.86 12.21 6
26.75 0.03 2
18.59 -7.40 3
-0.41 -13.05 1
-16.89 -11.11 5
-0.80 2.14 0
-18.47 -8.40 5
-11.10 -10.62 5
-5.30 11.87 4
2.42 -10.43 8
-22.86 13.27 6
-8.68 4.61 0
27.01 -2.30 2
1.34 -1.46 0
-3.42 -8.75 1
27.52 -5.50 2
-16.72 4.56 6
-3.36 19.45 4
2.93 -7.63 0
-20.10 9.39 6
-0.24 -3.71 0
6.66 23.74 4
9.92 -23.71 8
-4.94 -6.35 0
-16.63 -6.70 5
22.25 -1.44 2
3.34 -8.73 8
6.59 -4.52 3
-7.21 -18.74 1
9.87 -5.57 3
0.52 3.32 0
6.62 23.50 4
9.36 -18.77 8
-3.94 2.86 0
-17.57 -5.40 5
24.08 -0.52 2
12.43 -7.51 3
15.30 4.41 7
-8.69 -5.34 5
7.61 19.01 4
17.28 -14.21 3
-4.52 -6.71 0
-23.25 -6.53 5
20.52 -2.14 3
-0.02 -11.06 1
19.13 -4.64 3
-8.08 -21.42 1
2.48 -5.39 0
-5.76 -1.13 0
20.09 4.60 2
-4.11 0.80 0
-3.14 -19.95 1
0.69 -7.61 0
17.24 7.28 7
7.72 -10.17 8
4.03 25.08 4
0.90 -11.69 1
15.11 -6.61 3
-7.25 -18.94 1
3.85 0.41 0
27.29 1.18 2
6.14 -25.56 8
0.18 -17.89 1
-3.23 -14.72 1
-16.51 -25.26 1
1.54 0.46 0
9.22 -23.03 8
15.82 13.03 7
0.44 13.80 4
-7.06 11.36 6
-16.67 -11.01 5
6.39 -8.02 8
2.66 -9.69 8
-4.74 3.02 0
10.61 19.71 7
16.21 -20.22 8
-10.23 -5.03 5
15.88 2.38 3
-12.00 -21.52 1
-13.51 -27.49 1
-7.09 -16.89 1
-7.52 -20.73 1
-13.93 -19.16 1
16.13 -6.30 3
21.32 6.96 2
21.93 1.50 2
17.30 6.92 7
-7.07 -17.96 1
-0.94 -2.17 0
14.35 -22.45 8
1.73 -12.90 8
17.36 15.23 7
-18.15 12.08 6
7.93 -5.84 3
-8.89 -1.01 0
2.61 -7.80 0
2.38 28.80 4
10.42 -22.70 8
0.01 -17.88 1
15.61 6.38 7
-22.66 -9.37 5
-9.16 -9.15 5
4.72 -22.46 8
1.54 -14.14 8
-1.21 -17.01 1
14.40 1.86 3
-16.81 -2.50 5
7.40 -26.31 8
-13.61 -5.15 5
0.40 -13.46 1
8.78 -25.80 8
-9.18 -15.88 1
19.19 6.84 2
7.79 -0.91 3
28.29 4.32 2
-20.62 -5.40 5
6.25 -26.51 8
26.28 -3.04 2
11.19 20.79 7
4.57 -11.49 8
-19.68 -0.11 5
17.87 -1.83 3
-18.95 12.72 6
21.16 -1.82 2
5.07 -24.19 8
8.59 -18.30 8
-0.54 -16.53 1
23.75 0.14 2
16.48 -9.76 3
4.51 -19.19 8
-2.71 -6.87 0
-14.61 -2.62 5
9.91 -6.09 3
-2.21 -13.30 1
-12.42 0.79 5
8.81 -11.41 8
-7.77 -13.98 1
26.68 0.75 2
-1.78 -15.46 1
2.60 20.95 4
8.81 -9.23 3
0.51 -15.78 1
9.61 -11.49 8
-2.48 21.23 4
10.91 -9.20 3
-12.85 -8.22 5
-6.46 2.18 0
14.14 -2.88 3
-5.71 8.73 0
20.42 11.35 7
-3.04 -21.77 1
-10.38 -3.25 5
-22.16 12.47 6
0.02 23.56 4
16.23 -17.06 8
-0.99 -10.68 1
-8.23 -13.92 1
29.10 4.46 2
1.28 3.20 0
15.97 15.21 7
8.70 -13.27 8
-0.78 -9.77 1
-19.50 12.57 6
2.38 20.72 4
11.68 -10.29 3
-7.95 -10.93 1
-4.73 -4.67 0
27.79 5.31 2
8.08 8.66 7
21.57 12.57 7
-0.02 -23.10 1
-5.24 -0.78 0
-16.80 12.32 6
-0.03 23.81 4
-16.53 11.99 6
2.92 1.70 0
1.12 1.28 0
16.06 16.05 7
-2.62 -2.63 0
10.33 20.23 7
-21.67 7.92 6
0.44 5.28 0
-23.12 12.82 6
-0.62 -9.24 1
27.10 2.17 2
9.02 -12.33 8
4.67 -14.44 8
3.76 -15.90 8
-3.79 -21.45 1
2.16 4.79 0
10.69 -20.31 8
1.03 18.43 4
3.49 23.12 4
-5.89 3.23 0
-11.20 -9.87 5
4.50 -18.10 8
-6.77 -11.75 1
-7.07 -2.69 0
9.58 10.59 7
10.31 -16.03 8
-4.26 -2.71 0
19.62 13.14 7
-8.88 -11.84 1
-4.95 -15.45 1
4.25 -17.29 8
-0.03 7.84 0
-7.99 -15.35 1
29.00 -0.24 2
20.81 7.68 2
17.61 11.90 7
13.14 21.84 7
25.16 0.20 2
-18.07 15.33 6
10.23 -18.49 8
-3.69 5.37 0
1.81 16.89 4
-20.01 10.25 6
6.72 12.07 7
-10.19 -13.09 1
-0.17 -1.50 0
-14.56 -9.79 5
4.10 18.32 4
-1.46 18.03 4
12.80 -11.29 3
11.01 -15.77 8
22.85 10.05 2
-15.48 -16.06 5
-9.52 -8.61 5
1.90 -18.38 8
12.67 -18.98 8
23.61 6.09 2
24.11 6.09 2
-19.84 -7.85 5
4.53 -22.65 8
-10.96 -1.07 5
-19.15 12.69 6
17.16 -14.91 3
-0.63 -20.80 1
17.55 14.48 7
0.19 -12.03 1
28.44 12.25 2
-1.46 -3.69 0
12.56 -13.14 8
23.60 3.41 2
10.04 17.00 7
-8.39 12.77 6
-18.68 -3.66 5
24.44 0.58 2
-19.23 5.13 6
15.89 17.01 7
10.50 -14.14 8
-3.12 -23.71 1
-0.92 10.03 0
20.23 2.37 2
26.80 2.23 2
3.35 -19.37 8
-10.18 -10.06 5
0.30 -0.50 0
-6.85 -11.77 1
-7.87 -7.60 5
1.58 11.49 4
3.89 -18.75 8
-16.65 7.94 6
-3.97 14.03 4
28.18 7.78 2
3.55 -17.97 8
0.13 -18.65 1
31.70 2.78 2
-14.61 13.34 6
6.46 20.57 4
10.80 -6.96 3
-4.87 12.42 4
-0.34 6.37 -1
